
state={
	id=7
	name="STATE_7"
	resources={
		tungsten=1.000
	}

	history={
		owner = X02
		victory_points = {
			10612 8 
		}
		buildings = {
			infrastructure = 7
			industrial_complex = 10
			arms_factory = 0
			air_base = 3

		}
		add_core_of = CHI
		add_core_of = JAP
		add_core_of = MAN
		add_core_of = MON
		add_core_of = SOV
		add_core_of = X02
		add_core_of = X42
	}

	provinces={
		783 800 861 927 930 944 945 946 973 1499 1502 1508 1545 1558 1567 1571 1588 1627 1638 1645 1693 1732 1776 1847 3791 3815 3877 3888 3913 3929 3932 3944 3947 3949 4503 4506 4551 4561 4572 4592 4633 4642 4649 4745 4809 4852 4876 5427 6806 6811 6863 6868 6905 6947 6964 7523 7526 7569 7582 7591 7613 7652 7663 7670 7697 7743 7767 7812 7832 7848 7873 7894 7897 9623 9759 9766 9782 9798 9803 9841 9848 9866 9883 9897 9913 9928 10215 10368 10376 10379 10429 10433 10463 10503 10519 10521 10541 10567 10612 10638 10675 10698 11744 11781 11823 11850 11862 11864 11893 11903 11906 12337 12342 12355 12412 12443 12469 12478 12482 12485 12500 12537 12548 12618 12690 13150 
	}
	manpower=11752764
	buildings_max_level_factor=1.000
	state_category=megalopolis
}
